4 3 0 0 4 3
21 3 30 221
TL (0, 0) (4, 4)

4 3 1 0 4 3
21 3 30 221
T (4, 0) (92, 4)

4 3 2 0 4 3
21 3 30 221
T (117, 0) (92, 4)
T (96, 0) (92, 4)

4 3 3 0 4 3
21 3 30 221
TR (209, 0) (4, 4)

4 3 0 1 4 3
21 3 30 221
L (0, 4) (4, 22)

4 3 1 1 4 3
21 3 30 221
C (25, 4) (92, 22)
C (4, 4) (92, 22)

4 3 2 1 4 3
21 3 30 221
C (138, 4) (92, 22)
C (117, 4) (92, 22)

4 3 3 1 4 3
21 3 30 221
R (230, 4) (4, 22)

4 3 0 2 4 3
21 3 30 221
BL (0, 26) (4, 4)

4 3 1 2 4 3
21 3 30 221
B (25, 26) (92, 4)
B (4, 26) (92, 4)

False
4 3 2 2 4 3
21 3 30 221
B (117, 26) (92, 4)

True
4 3 3 2 4 3
21 3 30 221
BR (209, 26) (4, 4)

(213, 30) (21, 0)